0 0 0 1 0 0 0 0 6 0 0 0 23 0 0 53 17 0 0 0 0 0 0 0 0 0 19 3 0 0 0 0 0 0 8 0 0 0 0 0 6 0 0 33 1 14 0 0 0 0 6 0 0 0 0 0 0 0 0 0 0 0 0 0 0 0 0 4 0 0 5 0 1 1 0 0 1 0 0 1 0 0 1 0 0 0 0 0 0 9 0 1 0 26 54 10 0 1 0 0 0 0 0 0 0 1 13 0 1 6 0 0 0 0 60 0 0 0 43 0 19 1 0 1 1 0 0 18 64 136 0
0 0 0 1 0 0 0 1 6 0 0 0 10 0 0 54 1 0 0 0 0 0 0 0 0 0 9 0 0 0 0 0 0 0 2 0 0 0 0 0 1 0 0 5 0 4 0 0 0 0 7 0 0 1 0 0 0 0 0 0 0 0 0 1 0 0 0 2 0 0 0 0 0 1 0 0 0 0 0 1 0 0 0 0 0 0 0 0 0 0 0 2 0 18 8 10 0 1 0 1 0 0 0 0 0 1 1 0 0 1 0 0 0 0 37 0 0 0 9 2 7 4 0 0 1 0 0 10 100 36 0
0 0 0 0 0 0 0 2 1 0 0 0 10 0 0 24 0 1 0 0 0 0 0 0 0 0 4 0 0 0 0 0 0 0 0 0 0 0 0 0 0 0 0 3 0 5 0 0 0 0 7 0 0 0 0 0 0 0 0 0 0 0 0 0 0 0 0 2 0 0 0 0 0 0 0 0 0 0 0 0 0 0 0 0 0 0 0 0 0 3 0 0 0 2 1 0 1 0 0 1 0 0 0 0 0 0 0 0 0 0 0 0 0 0 1 0 0 0 3 0 1 1 0 0 5 0 0 5 28 29 0
0 0 0 0 0 0 0 0 1 0 0 0 3 0 0 14 0 2 0 0 0 0 0 0 0 0 8 0 0 0 0 0 0 0 2 0 0 0 0 0 0 0 0 1 0 4 0 0 0 0 1 0 0 0 0 0 0 0 0 0 0 0 0 0 0 0 0 2 0 0 0 0 0 0 0 0 0 0 0 0 0 0 0 0 0 0 0 0 0 4 0 0 0 0 0 0 0 0 0 0 0 0 0 0 0 1 0 0 12 3 0 0 0 0 0 0 0 0 0 0 1 0 0 0 0 0 0 3 0 0 0
0 0 1 0 0 0 0 0 2 0 0 0 3 0 0 7 0 0 0 0 0 0 0 0 0 0 8 0 0 0 0 0 0 1 0 0 0 0 0 0 1 0 0 0 0 6 0 0 0 0 1 0 0 0 0 0 0 0 0 0 1 0 0 2 0 0 0 1 0 0 0 0 0 0 0 0 0 0 0 0 0 0 0 0 0 0 0 0 0 1 0 0 0 0 0 0 0 0 0 0 0 0 0 0 0 0 0 0 127 2 0 0 0 0 0 0 0 0 2 2 0 2 0 0 0 0 0 1 0 0 0
0 1 0 0 0 0 0 0 0 0 0 0 1 0 0 0 0 2 0 1 3 0 0 0 0 0 8 0 0 0 0 0 0 0 0 0 3 0 0 1 1 0 0 1 0 0 0 0 0 0 1 0 0 1 0 0 0 0 0 0 0 0 0 0 0 0 0 1 0 0 1 0 0 0 0 0 0 0 0 0 0 3 0 0 0 0 0 1 0 16 0 0 2 0 0 0 0 0 0 0 0 0 0 0 0 0 1 0 16 0 0 0 0 0 6 0 0 0 2 0 0 4 0 0 0 0 0 3 3 0 0
0 0 0 0 0 1 0 1 0 0 8 0 1 0 0 3 0 20 0 22 1 0 0 4 0 0 24 0 0 0 0 0 0 1 0 0 237 0 0 0 0 0 1 10 1 1 0 1 0 0 3 0 0 0 0 0 0 0 19 0 0 1 0 1 0 0 0 3 0 0 2 0 6 0 0 0 0 0 3 0 0 2 0 0 0 0 0 0 0 36 0 1 8 0 0 0 0 0 0 0 0 0 0 0 0 0 0 0 11 3 0 0 0 0 24 0 0 0 8 0 5 1 0 0 0 0 0 16 8 0 0
0 0 1 0 0 7 0 2 2 0 0 2 3 0 2 5 2 70 0 9 0 0 1 6 0 0 35 1 6 0 0 1 0 0 0 0 102 0 1 0 10 0 3 14 0 0 0 6 0 0 7 0 0 0 0 0 1 0 56 0 0 0 1 1 0 0 0 1 0 0 32 0 8 4 0 0 0 0 17 0 0 20 1 0 0 4 1 0 0 18 0 0 0 1 5 2 0 1 0 1 0 0 2 0 0 0 18 1 3 15 0 1 2 0 12 0 0 0 32 31 5 0 0 1 4 2 0 42 6 0 1
0 0 1 0 2 16 0 1 2 0 0 7 8 0 50 1 10 63 0 60 0 0 0 0 0 0 29 1 6 0 0 0 0 3 2 0 14 6 1 0 3 1 0 16 4 1 4 94 0 0 6 0 0 0 0 0 3 0 83 0 4 2 1 10 1 0 0 0 0 0 44 0 24 3 1 1 0 0 5 0 0 27 3 0 0 1 0 0 1 32 1 0 3 0 11 0 1 6 0 1 0 3 5 0 0 0 17 3 33 55 1 3 0 0 26 1 0 1 31 36 2 2 0 0 3 0 1 76 1 0 14
0 0 2 0 0 0 2 2 4 0 1 6 8 1 67 0 11 35 0 37 0 0 0 0 0 0 14 0 5 0 0 0 0 2 2 1 27 1 1 3 5 0 3 19 3 1 0 21 0 1 12 1 0 0 0 0 11 0 56 2 6 0 3 1 4 0 0 0 0 0 19 0 6 7 0 5 0 3 2 0 0 7 5 0 0 2 0 2 0 8 0 0 1 1 16 0 0 4 0 3 1 1 5 1 36 0 16 1 73 108 0 3 0 0 23 0 6 3 20 33 5 0 2 0 2 0 5 67 11 29 15
0 0 0 0 0 1 7 2 7 0 0 17 4 1 7 0 9 38 3 18 0 1 0 0 0 0 7 0 5 0 0 0 1 3 13 0 27 1 2 8 2 0 0 14 7 3 0 7 0 1 11 8 0 0 1 0 5 0 67 0 16 1 3 1 1 0 0 2 0 0 12 1 11 4 2 0 0 1 1 1 1 11 14 2 0 2 0 1 0 5 0 1 3 0 33 3 0 4 0 3 1 1 4 0 48 0 19 1 55 77 0 3 0 0 29 0 21 1 47 34 6 2 0 2 5 2 4 44 6 114 8
1 0 0 1 0 1 10 12 12 0 1 6 15 3 8 0 8 34 2 7 0 7 0 0 0 0 7 0 2 0 1 0 0 3 10 0 12 4 1 4 1 2 1 5 6 3 1 11 0 2 9 9 0 0 0 0 2 0 16 0 7 6 0 9 6 0 0 1 0 0 10 1 9 11 0 2 2 2 0 1 1 5 24 0 2 1 0 3 0 13 0 0 1 8 14 3 1 4 0 6 0 2 1 0 43 3 10 1 7 14 0 1 0 3 22 0 29 4 54 97 5 1 6 3 4 0 3 31 28 211 16
1 0 1 0 0 19 25 6 9 0 1 5 20 1 5 3 8 21 0 17 0 14 0 0 0 2 8 0 1 0 2 0 0 1 6 1 34 0 0 12 4 25 2 9 7 1 0 2 0 0 9 6 2 0 0 0 3 0 12 0 3 7 3 19 6 2 0 1 0 0 28 1 7 5 4 1 1 0 2 1 2 5 12 0 1 4 0 3 0 18 2 7 8 0 5 1 0 4 0 1 2 0 11 0 50 0 10 1 0 25 0 2 0 6 10 0 42 3 61 45 9 3 8 1 6 0 5 32 32 167 12
3 0 1 0 0 2 26 6 15 0 0 6 4 0 9 1 19 40 1 27 1 20 2 0 1 0 8 1 0 0 2 1 2 2 7 0 9 0 2 34 1 15 41 5 2 3 1 5 0 3 4 15 0 0 0 0 6 2 13 1 6 1 1 2 4 0 1 1 1 0 13 0 1 15 5 2 0 0 2 2 2 6 8 4 0 2 0 9 0 12 1 12 5 2 5 20 3 1 0 2 3 2 6 0 28 1 8 1 1 17 0 1 0 16 10 1 63 3 56 13 6 0 7 2 3 1 5 26 46 186 11
1 2 0 1 0 2 33 0 22 1 1 6 11 1 8 0 12 38 2 16 2 27 6 0 0 0 1 2 1 0 0 0 1 1 8 1 3 0 0 12 3 1 8 9 4 4 2 4 0 0 3 39 2 0 0 0 11 1 2 2 5 2 0 1 5 0 0 1 0 0 2 1 5 15 7 1 0 1 0 2 1 6 8 0 1 1 1 8 0 32 1 10 5 1 4 3 1 5 1 4 0 1 3 2 9 0 10 1 2 4 0 0 0 12 22 0 84 1 49 27 5 1 2 4 2 0 1 25 65 204 6
2 3 0 2 1 2 50 5 20 0 0 0 16 0 0 1 15 32 0 7 0 52 1 0 0 0 10 3 1 3 2 0 2 0 15 0 0 2 0 7 2 1 9 3 7 3 2 0 1 2 4 36 0 0 0 2 9 0 0 3 10 6 4 2 14 0 0 0 1 0 7 1 5 13 5 1 2 6 0 0 5 0 4 0 2 6 0 7 0 14 0 8 3 0 2 7 0 11 0 2 2 2 12 0 26 0 8 1 3 8 0 0 0 38 11 0 66 2 31 21 5 3 3 3 1 0 3 26 27 196 1
2 0 1 4 0 1 37 4 9 0 0 4 19 1 3 6 12 65 0 6 0 62 1 0 1 0 7 0 4 2 1 0 0 0 8 0 9 2 1 3 5 4 2 7 9 7 2 1 0 5 6 30 3 1 0 2 11 0 3 1 6 7 1 5 7 0 0 3 0 0 4 1 4 14 2 1 1 2 2 1 8 0 14 0 1 1 1 2 0 33 1 2 6 0 0 12 4 2 0 3 4 0 5 0 7 1 10 0 9 14 0 1 0 23 8 0 65 2 29 13 6 0 3 1 7 0 0 37 11 93 0
0 0 1 1 1 10 31 2 11 0 1 5 16 1 26 3 23 10 0 3 0 42 2 0 0 0 9 0 2 1 1 2 0 4 7 3 2 0 0 3 6 1 1 11 11 5 6 0 0 0 10 21 2 0 0 2 14 0 1 0 3 6 1 8 7 0 0 7 0 0 6 0 2 7 7 4 0 1 4 1 10 1 8 0 1 10 0 4 0 8 1 1 1 2 0 2 2 3 1 7 7 0 3 0 16 0 9 0 2 10 0 2 0 23 8 0 59 2 77 6 3 1 6 7 2 0 0 23 14 59 0
2 1 2 5 3 34 21 1 11 0 1 11 10 0 2 1 25 33 0 2 0 8 2 0 0 0 14 1 1 5 4 3 1 1 7 6 6 0 0 25 5 5 1 21 7 16 2 0 0 0 3 26 0 4 0 1 6 0 0 0 3 17 1 14 6 0 0 3 0 0 11 0 2 7 4 1 1 0 5 6 3 1 7 0 0 6 1 4 0 13 0 3 8 0 0 12 1 2 2 11 4 0 1 2 11 1 31 0 10 7 0 2 0 4 6 0 44 3 74 10 14 0 8 8 3 0 2 22 13 33 0
5 1 0 8 1 7 11 1 10 1 3 10 30 2 2 6 21 31 0 1 0 0 0 0 2 1 24 2 2 3 1 4 0 0 13 12 11 0 1 24 3 4 0 15 1 19 6 2 1 3 12 14 0 3 0 3 4 1 7 0 1 33 3 8 7 0 0 4 4 1 9 2 4 4 4 3 2 1 0 2 7 2 8 1 4 0 2 4 0 20 0 9 6 0 0 37 4 5 0 3 5 1 5 0 12 1 55 1 3 6 0 2 0 1 24 0 15 2 72 7 30 1 3 9 12 1 1 24 27 19 0
5 1 1 5 1 4 8 0 17 1 1 5 32 2 1 4 36 23 0 1 0 0 0 0 1 0 18 1 1 14 1 1 0 0 4 8 6 2 0 29 7 3 0 14 4 21 2 1 4 0 10 5 0 1 0 1 11 1 2 1 1 12 0 5 8 0 0 1 0 1 6 5 3 2 4 2 0 2 1 0 6 0 5 0 3 0 0 1 0 9 1 3 7 1 0 111 5 5 0 7 6 1 2 0 15 2 37 0 0 3 0 0 0 0 21 0 1 0 77 6 8 2 2 17 27 0 0 12 11 19 0
1 0 0 2 2 0 1 4 13 0 0 4 26 2 0 25 69 41 0 0 0 0 0 0 0 0 25 2 0 6 1 2 0 0 9 5 4 1 1 10 8 3 3 61 4 37 8 0 1 0 7 2 0 3 0 0 14 0 3 2 1 5 0 6 3 0 0 1 1 0 9 2 0 4 1 3 1 3 4 2 6 0 10 0 0 0 0 0 0 4 0 7 2 2 2 71 1 7 0 6 4 2 0 0 4 1 7 0 0 3 0 1 0 0 27 0 0 1 61 6 12 9 0 7 83 0 0 20 14 72 0
0 1 0 1 0 0 0 3 9 0 0 3 39 0 1 31 144 14 0 0 0 0 0 0 1 0 29 2 0 1 0 1 0 0 15 0 3 4 1 1 8 2 0 38 2 40 2 0 1 0 10 0 1 2 0 0 2 0 1 0 2 3 1 0 0 0 0 4 0 0 8 0 4 4 0 2 2 1 1 0 5 0 7 0 0 0 0 0 0 26 2 6 5 0 12 10 0 4 0 0 0 0 4 0 8 0 13 1 2 1 0 0 0 0 24 0 0 0 43 7 11 17 0 5 81 0 0 13 28 123 0
0 1 0 0 0 0 0 1 7 0 0 0 67 0 0 27 133 2 0 0 0 0 3 0 0 0 16 1 0 0 0 0 0 0 8 2 0 10 0 0 4 1 2 45 1 11 0 0 0 0 15 0 0 0 0 0 0 0 1 0 0 2 0 0 0 0 0 3 1 0 3 0 3 1 0 1 0 0 1 0 6 0 4 2 0 0 0 0 0 9 1 4 1 0 18 1 0 0 0 0 0 0 2 0 8 0 5 0 0 1 0 0 0 0 15 0 0 0 45 6 20 6 0 1 178 0 0 30 40 136 0
