0 0 0 0 0 0 0 0 0 0 0 1 1 3 1 2 2 0 2 5 5 1 0 0
0 0 0 0 0 1 0 0 0 0 0 0 0 0 2 3 0 0 1 1 1 0 1 1
0 0 0 0 1 0 0 1 1 2 0 0 1 1 0 0 1 1 2 0 1 0 0 0
1 1 0 0 0 0 0 0 0 0 0 1 0 0 1 2 4 1 5 8 5 2 1 0
0 0 0 0 0 0 0 0 2 0 0 0 0 0 0 1 0 1 3 1 1 2 0 0
0 0 0 0 0 0 1 7 16 0 1 1 19 2 2 2 1 10 34 7 4 0 0 0
0 0 0 0 0 0 0 0 0 2 7 10 25 26 33 50 37 31 21 11 8 1 0 0
0 1 2 0 0 0 1 2 1 2 2 12 6 6 0 5 4 2 1 1 0 4 3 1
6 6 1 1 2 0 0 2 2 4 7 12 9 15 22 20 9 11 11 10 17 13 9 7
0 0 0 0 0 0 0 0 0 0 0 0 0 0 1 0 0 0 0 1 1 0 0 0
0 0 0 0 0 0 8 0 0 1 0 1 1 0 1 0 0 1 1 3 1 0 0 0
0 0 0 0 0 0 0 2 7 6 17 6 5 6 6 0 4 5 11 10 5 4 3 0
23 10 10 3 3 1 1 3 8 8 4 15 20 4 11 16 19 16 10 30 32 26 39 67
0 0 0 0 0 0 0 0 0 1 1 3 1 0 1 0 1 1 0 2 2 2 0 0
0 0 0 0 0 0 0 2 50 67 7 8 5 9 8 0 3 26 2 2 1 0 1 0
53 54 24 14 7 0 3 5 1 0 0 0 3 1 0 1 6 3 1 6 4 25 31 27
17 1 0 0 0 0 0 2 10 11 9 8 8 19 12 15 12 23 25 21 36 69 144 133
0 0 1 2 0 2 20 70 63 35 38 34 21 40 38 32 65 10 33 31 23 41 14 2
0 0 0 0 0 0 0 0 0 0 3 2 0 1 2 0 0 0 0 0 0 0 0 0
0 0 0 0 0 1 22 9 60 37 18 7 17 27 16 7 6 3 2 1 1 0 0 0
0 0 0 0 0 3 1 0 0 0 0 0 0 1 2 0 0 0 0 0 0 0 0 0
0 0 0 0 0 0 0 0 0 0 1 7 14 20 27 52 62 42 8 0 0 0 0 0
0 0 0 0 0 0 0 1 0 0 0 0 0 2 6 1 1 2 2 0 0 0 0 3
0 0 0 0 0 0 4 6 0 0 0 0 0 0 0 0 0 0 0 0 0 0 0 0
0 0 0 0 0 0 0 0 0 0 0 0 0 1 0 0 1 0 0 2 1 0 1 0
0 0 0 0 0 0 0 0 0 0 0 0 2 0 0 0 0 0 0 1 0 0 0 0
19 9 4 8 8 8 24 35 29 14 7 7 8 8 1 10 7 9 14 24 18 25 29 16
3 0 0 0 0 0 0 1 1 0 0 0 0 1 2 3 0 0 1 2 1 2 2 1
0 0 0 0 0 0 0 6 6 5 5 2 1 0 1 1 4 2 1 2 1 0 0 0
0 0 0 0 0 0 0 0 0 0 0 0 0 0 0 3 2 1 5 3 14 6 1 0
0 0 0 0 0 0 0 0 0 0 0 1 2 2 0 2 1 1 4 1 1 1 0 0
0 0 0 0 0 0 0 1 0 0 0 0 0 1 0 0 0 2 3 4 1 2 1 0
0 0 0 0 0 0 0 0 0 0 1 0 0 2 1 2 0 0 1 0 0 0 0 0
0 0 0 0 1 0 1 0 3 2 3 3 1 2 1 0 0 4 1 0 0 0 0 0
8 2 0 2 0 0 0 0 2 2 13 10 6 7 8 15 8 7 7 13 4 9 15 8
0 0 0 0 0 0 0 0 0 1 0 0 1 0 1 0 0 3 6 12 8 5 0 2
0 0 0 0 0 3 237 102 14 27 27 12 34 9 3 0 9 2 6 11 6 4 3 0
0 0 0 0 0 0 0 0 6 1 1 4 0 0 0 2 2 0 0 0 2 1 4 10
0 0 0 0 0 0 0 1 1 1 2 1 0 2 0 0 1 0 0 1 0 1 1 0
0 0 0 0 0 1 0 0 0 3 8 4 12 34 12 7 3 3 25 24 29 10 1 0
6 1 0 0 1 1 0 10 3 5 2 1 4 1 3 2 5 6 5 3 7 8 8 4
0 0 0 0 0 0 0 0 1 0 0 2 25 15 1 1 4 1 5 4 3 3 2 1
0 0 0 0 0 0 1 3 0 3 0 1 2 41 8 9 2 1 1 0 0 3 0 2
33 5 3 1 0 1 10 14 16 19 14 5 9 5 9 3 7 11 21 15 14 61 38 45
1 0 0 0 0 0 1 0 4 3 7 6 7 2 4 7 9 11 7 1 4 4 2 1
14 4 5 4 6 0 1 0 1 1 3 3 1 3 4 3 7 5 16 19 21 37 40 11
0 0 0 0 0 0 0 0 4 0 0 1 0 1 2 2 2 6 2 6 2 8 2 0
0 0 0 0 0 0 1 6 94 21 7 11 2 5 4 0 1 0 0 2 1 0 0 0
0 0 0 0 0 0 0 0 0 0 0 0 0 0 0 1 0 0 0 1 4 1 1 0
0 0 0 0 0 0 0 0 0 1 1 2 0 3 0 2 5 0 0 3 0 0 0 0
6 7 7 1 1 1 3 7 6 12 11 9 9 4 3 4 6 10 3 12 10 7 10 15
0 0 0 0 0 0 0 0 0 1 8 9 6 15 39 36 30 21 26 14 5 2 0 0
0 0 0 0 0 0 0 0 0 0 0 0 2 0 2 0 3 2 0 0 0 0 1 0
0 1 0 0 0 1 0 0 0 0 0 0 0 0 0 0 1 0 4 3 1 3 2 0
0 0 0 0 0 0 0 0 0 0 1 0 0 0 0 0 0 0 0 0 0 0 0 0
0 0 0 0 0 0 0 0 0 0 0 0 0 0 0 2 2 2 1 3 1 0 0 0
0 0 0 0 0 0 0 1 3 11 5 2 3 6 11 9 11 14 6 4 11 14 2 0
0 0 0 0 0 0 0 0 0 0 0 0 0 2 1 0 0 0 0 1 1 0 0 0
0 0 0 0 0 0 19 56 83 56 67 16 12 13 2 0 3 1 0 7 2 3 1 1
0 0 0 0 0 0 0 0 0 2 0 0 0 1 2 3 1 0 0 0 1 2 0 0
0 0 0 0 1 0 0 0 4 6 16 7 3 6 5 10 6 3 3 1 1 1 2 0
0 0 0 0 0 0 1 0 2 0 1 6 7 1 2 6 7 6 17 33 12 5 3 2
0 0 0 0 0 0 0 1 1 3 3 0 3 1 0 4 1 1 1 3 0 0 1 0
0 1 0 0 2 0 1 1 10 1 1 9 19 2 1 2 5 8 14 8 5 6 0 0
0 0 0 0 0 0 0 0 1 4 1 6 6 4 5 14 7 7 6 7 8 3 0 0
0 0 0 0 0 0 0 0 0 0 0 0 2 0 0 0 0 0 0 0 0 0 0 0
0 0 0 0 0 0 0 0 0 0 0 0 0 1 0 0 0 0 0 0 0 0 0 0
4 2 2 2 1 1 3 1 0 0 2 1 1 1 1 0 3 7 3 4 1 1 4 3
0 0 0 0 0 0 0 0 0 0 0 0 0 1 0 1 0 0 0 4 0 1 0 1
0 0 0 0 0 0 0 0 0 0 0 0 0 0 0 0 0 0 0 1 1 0 0 0
5 0 0 0 0 1 2 32 44 19 12 10 28 13 2 7 4 6 11 9 6 9 8 3
0 0 0 0 0 0 0 0 0 0 1 1 1 0 1 1 1 0 0 2 5 2 0 0
1 0 0 0 0 0 6 8 24 6 11 9 7 1 5 5 4 2 2 4 3 0 4 3
1 1 0 0 0 0 0 4 3 7 4 11 5 15 15 13 14 7 7 4 2 4 4 1
0 0 0 0 0 0 0 0 1 0 2 0 4 5 7 5 2 7 4 4 4 1 0 0
0 0 0 0 0 0 0 0 1 5 0 2 1 2 1 1 1 4 1 3 2 3 2 1
1 0 0 0 0 0 0 0 0 0 0 2 1 0 0 2 1 0 1 2 0 1 2 0
0 0 0 0 0 0 0 0 0 3 1 2 0 0 1 6 2 1 0 1 2 3 1 0
0 0 0 0 0 0 3 17 5 2 1 0 2 2 0 0 2 4 5 0 1 4 1 1
1 1 0 0 0 0 0 0 0 0 1 1 1 2 2 0 1 1 6 2 0 2 0 0
0 0 0 0 0 0 0 0 0 0 1 1 2 2 1 5 8 10 3 7 6 6 5 6
0 0 0 0 0 3 2 20 27 7 11 5 5 6 6 0 0 1 1 2 0 0 0 0
1 0 0 0 0 0 0 1 3 5 14 24 12 8 8 4 14 8 7 8 5 10 7 4
0 0 0 0 0 0 0 0 0 0 2 0 0 4 0 0 0 0 0 1 0 0 0 2
0 0 0 0 0 0 0 0 0 0 0 2 1 0 1 2 1 1 0 4 3 0 0 0
0 0 0 0 0 0 0 4 1 2 2 1 4 2 1 6 1 10 6 0 0 0 0 0
0 0 0 0 0 0 0 1 0 0 0 0 0 0 1 0 1 0 1 2 0 0 0 0
0 0 0 0 0 1 0 0 0 2 1 3 3 9 8 7 2 4 4 4 1 0 0 0
0 0 0 0 0 0 0 0 1 0 0 0 0 0 0 0 0 0 0 0 0 0 0 0
9 0 3 4 1 16 36 18 32 8 5 13 18 12 32 14 33 8 13 20 9 4 26 9
0 0 0 0 0 0 0 0 1 0 0 0 2 1 1 0 1 1 0 0 1 0 2 1
1 2 0 0 0 0 1 0 0 0 1 0 7 12 10 8 2 1 3 9 3 7 6 4
0 0 0 0 0 2 8 0 3 1 3 1 8 5 5 3 6 1 8 6 7 2 5 1
26 18 2 0 0 0 0 1 0 1 0 8 0 2 1 0 0 2 0 0 1 2 0 0
54 8 1 0 0 0 0 5 11 16 33 14 5 5 4 2 0 0 0 0 0 2 12 18
10 10 0 0 0 0 0 2 0 0 3 3 1 20 3 7 12 2 12 37 111 71 10 1
0 0 1 0 0 0 0 0 1 0 0 1 0 3 1 0 4 2 1 4 5 1 0 0
1 1 0 0 0 0 0 1 6 4 4 4 4 1 5 11 2 3 2 5 5 7 4 0
0 0 0 0 0 0 0 0 0 0 0 0 0 0 1 0 0 1 2 0 0 0 0 0
0 1 1 0 0 0 0 1 1 3 3 6 1 2 4 2 3 7 11 3 7 6 0 0
0 0 0 0 0 0 0 0 0 1 1 0 2 3 0 2 4 7 4 5 6 4 0 0
0 0 0 0 0 0 0 0 3 1 1 2 0 2 1 2 0 0 0 1 1 2 0 0
0 0 0 0 0 0 0 2 5 5 4 1 11 6 3 12 5 3 1 5 2 0 4 2
0 0 0 0 0 0 0 0 0 1 0 0 0 0 2 0 0 0 2 0 0 0 0 0
0 0 0 0 0 0 0 0 0 36 48 43 50 28 9 26 7 16 11 12 15 4 8 8
1 1 0 1 0 0 0 0 0 0 0 3 0 1 0 0 1 0 1 1 2 1 0 0
13 1 0 0 0 1 0 18 17 16 19 10 10 8 10 8 10 9 31 55 37 7 13 5
0 0 0 0 0 0 0 1 3 1 1 1 1 1 1 1 0 0 0 1 0 0 1 0
1 0 0 12 127 16 11 3 33 73 55 7 0 1 2 3 9 2 10 3 0 0 2 0
6 1 0 3 2 0 3 15 55 108 77 14 25 17 4 8 14 10 7 6 3 3 1 1
0 0 0 0 0 0 0 0 1 0 0 0 0 0 0 0 0 0 0 0 0 0 0 0
0 0 0 0 0 0 0 1 3 3 3 1 2 1 0 0 1 2 2 2 0 1 0 0
0 0 0 0 0 0 0 2 0 0 0 0 0 0 0 0 0 0 0 0 0 0 0 0
0 0 0 0 0 0 0 0 0 0 0 3 6 16 12 38 23 23 4 1 0 0 0 0
60 37 1 0 0 6 24 12 26 23 29 22 10 10 22 11 8 8 6 24 21 27 24 15
0 0 0 0 0 0 0 0 1 0 0 0 0 1 0 0 0 0 0 0 0 0 0 0
0 0 0 0 0 0 0 0 0 6 21 29 42 63 84 66 65 59 44 15 1 0 0 0
0 0 0 0 0 0 0 0 1 3 1 4 3 3 1 2 2 2 3 2 0 1 0 0
43 9 3 0 2 2 8 32 31 20 47 54 61 56 49 31 29 77 74 72 77 61 43 45
0 2 0 0 2 0 0 31 36 33 34 97 45 13 27 21 13 6 10 7 6 6 7 6
19 7 1 1 0 0 5 5 2 5 6 5 9 6 5 5 6 3 14 30 8 12 11 20
1 4 1 0 2 4 1 0 2 0 2 1 3 0 1 3 0 1 0 1 2 9 17 6
0 0 0 0 0 0 0 0 0 2 0 6 8 7 2 3 3 6 8 3 2 0 0 0
1 0 0 0 0 0 0 1 0 0 2 3 1 2 4 3 1 7 8 9 17 7 5 1
1 1 5 0 0 0 0 4 3 2 5 4 6 3 2 1 7 2 3 12 27 83 81 178
0 0 0 0 0 0 0 2 0 0 2 0 0 1 0 0 0 0 0 1 0 0 0 0
0 0 0 0 0 0 0 0 1 5 4 3 5 5 1 3 0 0 2 1 0 0 0 0
18 10 5 3 1 3 16 42 76 67 44 31 32 26 25 26 37 23 22 24 12 20 13 30
64 100 28 0 0 3 8 6 1 11 6 28 32 46 65 27 11 14 13 27 11 14 28 40
136 36 29 0 0 0 0 0 0 29 114 211 167 186 204 196 93 59 33 19 19 72 123 136
0 0 0 0 0 0 0 1 14 15 8 16 12 11 6 1 0 0 0 0 0 0 0 0
