2 1 0 19 1 0 0
4 2 0 5 0 0 0
1 7 0 4 0 0 0
15 11 0 6 0 0 0
0 3 0 7 1 0 0
5 77 0 24 0 0 1
0 0 0 262 0 0 0
0 56 0 0 0 0 0
27 3 0 85 2 1 78
0 0 0 3 0 0 0
10 0 0 7 1 0 0
0 53 0 11 33 0 0
0 376 0 2 0 0 1
9 1 0 5 0 0 0
2 187 0 1 1 0 0
32 104 0 4 21 108 0
0 575 0 0 0 0 0
1 607 0 7 0 0 0
3 5 0 0 0 0 0
28 187 0 5 4 5 5
0 7 0 0 0 0 0
4 66 0 140 23 0 0
6 3 0 9 0 0 0
5 0 0 0 0 3 2
2 3 0 0 1 0 0
1 1 0 1 0 0 0
2 52 0 274 13 0 0
0 11 0 9 0 0 0
2 28 0 7 0 0 0
2 4 0 29 0 0 0
0 0 0 15 0 0 1
3 3 0 9 0 0 0
0 0 0 7 0 0 0
3 4 0 15 0 0 0
136 2 0 8 0 0 0
29 1 0 9 0 0 0
371 0 0 2 0 43 93
8 2 0 23 0 0 0
1 11 0 0 0 0 0
4 7 0 165 0 0 0
0 25 0 0 0 3 58
0 1 0 67 0 0 0
64 13 0 0 0 0 0
0 358 0 1 0 0 0
6 8 51 14 0 0 2
0 4 0 119 0 0 86
3 7 0 26 2 0 0
147 0 0 2 0 0 6
0 5 0 3 0 0 0
3 0 0 14 0 0 0
1 74 0 89 0 0 0
43 0 0 169 0 0 0
0 2 1 1 1 0 5
8 1 0 6 1 0 0
1 0 0 0 0 0 0
0 3 0 8 0 0 0
11 11 0 90 1 0 0
0 3 0 2 0 0 0
0 8 332 2 0 0 0
2 1 0 9 0 0 0
56 10 0 9 0 0 0
0 0 0 2 0 0 109
3 2 0 9 0 0 9
0 67 0 29 0 0 0
0 58 0 20 1 0 0
0 1 0 1 0 0 0
0 0 0 1 0 0 0
0 41 0 5 1 0 1
1 0 0 7 0 0 0
0 0 0 1 1 0 0
1 223 0 7 0 0 0
0 11 0 4 0 0 0
1 103 0 1 0 0 0
1 113 0 5 2 1 0
1 16 0 29 0 0 0
22 5 0 3 0 0 0
0 5 0 8 0 0 0
6 9 0 6 0 0 2
0 48 0 1 0 0 1
13 6 0 0 0 0 2
4 3 1 47 6 0 2
25 2 0 21 0 13 35
3 133 0 7 0 0 0
3 1 0 0 4 0 1
2 0 0 9 0 0 4
2 3 0 35 0 0 0
1 1 0 4 0 0 0
8 5 0 34 1 0 1
0 1 0 0 0 0 0
0 342 0 1 0 0 0
0 2 0 7 1 1 0
43 13 0 8 0 0 13
0 75 0 0 0 0 0
0 63 0 1 0 0 0
0 0 0 0 0 0 190
0 1 0 0 0 314 0
3 12 0 9 0 0 0
0 15 0 54 0 0 1
0 2 0 1 0 1 0
2 15 0 44 0 1 0
3 4 0 32 0 0 0
2 8 0 4 2 0 0
0 60 0 11 0 0 0
0 4 0 1 0 0 0
5 2 0 192 115 7 0
1 5 0 6 0 0 1
15 200 0 0 0 69 14
3 1 0 9 0 0 0
366 0 0 0 0 3 1
0 322 0 0 0 61 0
0 1 0 0 0 0 0
0 20 0 2 0 0 0
0 2 0 0 0 0 0
0 0 0 126 0 0 0
5 255 0 166 0 0 0
1 1 0 0 0 0 0
0 0 0 495 0 0 0
1 14 0 13 0 0 0
0 926 0 0 0 0 0
233 0 0 71 0 0 98
73 81 0 30 1 0 0
0 59 0 2 0 0 0
0 2 0 48 0 0 0
5 0 0 8 1 0 58
53 5 0 145 0 225 2
0 4 0 2 0 0 0
1 3 0 26 0 0 0
0 1 0 603 0 2 0
0 583 0 0 0 0 0
1694 165 0 3 0 0 0
1 72 0 10 0 1 0
